160
126
92
58
24
-10
-44
160
160
160
160
160
126
92
58
24
-10
-44
-44
-44
-44
-44
110
110
110
60
60
10
10
10
110
76
42
8
30
160
126
126
126
126
126
126
126
92
58
24
-10
-44
58
58
58
58
58
92
58
24
-10
-44
92
58
24
-10
-44
155
121
87
53
19
-15
-49
155
155
155
155
155
121
87
53
19
-15
-49
-49
-49
-49
-49
105
105
105
55
55
5
5
5
105
71
37
3
25
155
121
121
121
121
121
121
121
87
53
19
-15
-49
53
53
53
53
53
87
53
19
-15
-49
87
53
19
-15
-49
150
116
82
48
14
-20
-54
150
150
150
150
150
116
82
48
14
-20
-54
-54
-54
-54
-54
100
100
100
50
50
0
0
0
100
66
32
-2
20
150
116
116
116
116
116
116
116
82
48
14
-20
-54
48
48
48
48
48
82
48
14
-20
-54
82
48
14
-20
-54
145
111
77
43
9
-25
-59
145
145
145
145
145
111
77
43
9
-25
-59
-59
-59
-59
-59
95
95
95
45
45
-5
-5
-5
95
61
27
-7
15
145
111
111
111
111
111
111
111
77
43
9
-25
-59
43
43
43
43
43
77
43
9
-25
-59
77
43
9
-25
-59