-200
-200
-200
-200
-200
-200
-200
-170
-140
-110
-80
-50
-50
-50
-50
-50
-50
-50
-80
-110
-140
-170
-155
-125
-95
-140
-110
-155
-125
-95
-125
-125
-125
-125
-100
130
40
70
100
130
160
190
220
40
35
30
25
20
90
120
150
180
210
130
115
100
85
70
130
145
160
175
190
-195
-195
-195
-195
-195
-195
-195
-165
-135
-105
-75
-45
-45
-45
-45
-45
-45
-45
-75
-105
-135
-165
-150
-120
-90
-135
-105
-150
-120
-90
-120
-120
-120
-120
-95
135
45
75
105
135
165
195
225
45
40
35
30
25
95
125
155
185
215
135
120
105
90
75
135
150
165
180
195
-190
-190
-190
-190
-190
-190
-190
-160
-130
-100
-70
-40
-40
-40
-40
-40
-40
-40
-70
-100
-130
-160
-145
-115
-85
-130
-100
-145
-115
-85
-115
-115
-115
-115
-90
140
50
80
110
140
170
200
230
50
45
40
35
30
100
130
160
190
220
140
125
110
95
80
140
155
170
185
200
-185
-185
-185
-185
-185
-185
-185
-155
-125
-95
-65
-35
-35
-35
-35
-35
-35
-35
-65
-95
-125
-155
-140
-110
-80
-125
-95
-140
-110
-80
-110
-110
-110
-110
-85
145
55
85
115
145
175
205
235
55
50
45
40
35
105
135
165
195
225
145
130
115
100
85
145
160
175
190
205